0.49206349206349204 0.45892136483903856 -1.0 -1.0 -0.5036402629508127 
0.47023809523809523 0.46883210665566005 -1.0 -1.0 -0.587848112678729 
0.4365079365079365 0.4738636463880539 -1.0 -1.0 -0.550073294070634 
0.48412698412698413 0.5516849056374832 -1.0 -1.0 -0.6494859752596401 
0.45436507936507936 0.4823698078701069 -1.0 -1.0 -0.6160216413470856 
0.4107142857142857 0.47401553521985595 -1.0 -1.0 -0.5726101450298143 
0.44246031746031744 0.4816713075199469 -1.0 -1.0 -0.5999859865470852 
0.3392857142857143 0.48624289454075326 -1.0 -1.0 -0.5503472222222222 
0.36904761904761907 0.4950076900823142 -1.0 -1.0 -0.6076165114038734 
0.33134920634920634 0.4744573353293413 -1.0 -1.0 -0.4885155069613885 
0.4027777777777778 0.4745259491974497 -1.0 -1.0 -0.599882331681369 
0.4027777777777778 0.5179234721096866 -1.0 -1.0 -0.6271500936869917 
0.3353174603174603 0.49121530724347695 -1.0 -1.0 -0.5938220576069059 
0.34325396825396826 0.4859937891105696 -1.0 -1.0 -0.5836608764753176 
0.34523809523809523 0.4606970262595977 -1.0 -1.0 -0.5472651637833694 
0.3968253968253968 0.4762500210106373 -1.0 -1.0 -0.5748507168889045 
0.32936507936507936 0.4934181120381298 -1.0 -1.0 -0.6030584083623197 
0.3134920634920635 0.474587654011159 -1.0 -1.0 -0.5096311978524244 
0.3134920634920635 0.49738799940936174 -1.0 -1.0 -0.6241986287545555 
0.3055555555555556 0.5344900889443113 -1.0 -1.0 -0.6176535551037107 
0.2876984126984127 0.5120424564542442 -1.0 -1.0 -0.6078370069635326 
0.28174603174603174 0.47813196165460936 -1.0 -1.0 -0.5141809759005694 
0.2777777777777778 0.5405151950461524 -1.0 -1.0 -0.5796375127775328 
0.2777777777777778 0.5797234524573599 -1.0 -1.0 -0.6005411235349519 
0.30357142857142855 0.5538749122152141 -1.0 -1.0 -0.6679236189602247 
0.3948412698412698 0.4829863709720535 -1.0 -1.0 -0.5861124221104473 
0.27976190476190477 0.5526849156153117 -1.0 -1.0 -0.6043299377387297 
0.38293650793650796 0.5282928739804678 -1.0 -1.0 -0.6402443281418301 
0.2837301587301587 0.5291375451154642 -1.0 -1.0 -0.6042475892113639 
0.3055555555555556 0.49327035209575254 -1.0 -1.0 -0.5866477272727273 
0.3055555555555556 0.486911525974026 -1.0 -1.0 -0.5747198433458031 
0.26785714285714285 0.5105324074074075 -1.0 -1.0 -0.5639153683627093 
0.27976190476190477 0.5001743814201219 -1.0 -1.0 -0.5946611899433406 
0.2857142857142857 0.5235042967316177 -1.0 -1.0 -0.5972222259475125 
0.30753968253968256 0.5318418127875174 -1.0 -1.0 -0.6084198801748214 
0.3412698412698413 0.4749219069300696 -1.0 -1.0 -0.5681296893677046 
0.26785714285714285 0.5263617018858592 -1.0 -1.0 -0.5768063121371799 
0.27976190476190477 0.5426031067861733 -1.0 -1.0 -0.5958460167790136 
0.2777777777777778 0.49555033913680485 -1.0 -1.0 -0.5199062903012548 
