0.47023809523809523 0.46902419148869656 -1.0 -1.0 -0.6238792194092827 
0.44047619047619047 0.44426629886970864 -1.0 -1.0 -0.5715284226713954 
0.4742063492063492 0.46393016703956796 -1.0 -1.0 -0.5802160272039629 
0.45634920634920634 0.47870189962179766 -1.0 -1.0 -0.6083142311676689 
0.4107142857142857 0.47205999853530367 -1.0 -1.0 -0.557487982770671 
0.41865079365079366 0.48215249872885607 -1.0 -1.0 -0.5899120190697259 
0.39087301587301587 0.47377330087465686 -1.0 -1.0 -0.5792145083095822 
0.36706349206349204 0.4768962156128239 -1.0 -1.0 -0.5789100147582389 
0.44246031746031744 0.47653749110720084 -1.0 -1.0 -0.5867916820027903 
0.44047619047619047 0.5425161907264778 -1.0 -1.0 -0.6398934013134724 
0.3373015873015873 0.4798431347398197 -1.0 -1.0 -0.5611344642498914 
0.36706349206349204 0.5680256551987416 -1.0 -1.0 -0.6428398315970962 
0.3611111111111111 0.5189743842724915 -1.0 -1.0 -0.6316718744052635 
0.4226190476190476 0.4594594571791904 -1.0 -1.0 -0.550746930876808 
0.35714285714285715 0.4746732281314002 -1.0 -1.0 -0.5555555144945781 
0.3412698412698413 0.4812367648579354 -1.0 -1.0 -0.5832602002246435 
0.4365079365079365 0.4516862163489515 -1.0 -1.0 -0.567013018104163 
0.32142857142857145 0.5031354261769189 -1.0 -1.0 -0.582451550864879 
0.34523809523809523 0.5054364701112112 -1.0 -1.0 -0.6044517627050137 
0.37896825396825395 0.5045713941464249 -1.0 -1.0 -0.6072505375477656 
0.37896825396825395 0.5167702879581152 -1.0 -1.0 -0.6135253734613588 
0.36706349206349204 0.46004159265273326 -1.0 -1.0 -0.544296853767859 
0.3611111111111111 0.46937625110149384 -1.0 -1.0 -0.5562130386357779 
0.3492063492063492 0.47769674997438083 -1.0 -1.0 -0.5617108819159594 
0.3611111111111111 0.46064401049535353 -1.0 -1.0 -0.5249147282524423 
0.33134920634920634 0.5006350858839687 -1.0 -1.0 -0.6006083292161634 
0.39285714285714285 0.4926246735784743 -1.0 -1.0 -0.6014692718633498 
0.3630952380952381 0.4837773224043716 -1.0 -1.0 -0.5991701983688958 
0.3273809523809524 0.5023173131726005 -1.0 -1.0 -0.5933333564888347 
0.44047619047619047 0.4876829954954955 -1.0 -1.0 -0.609995133839212 
0.2976190476190476 0.509617474079132 -1.0 -1.0 -0.5597916666666667 
0.36706349206349204 0.5063331763486605 -1.0 -1.0 -0.6128700335283537 
0.3055555555555556 0.47978632403658583 -1.0 -1.0 -0.5098417207792207 
0.30158730158730157 0.4950369141603771 -1.0 -1.0 -0.5466599378146624 
0.30357142857142855 0.5454135811796376 -1.0 -1.0 -0.6062358948919508 
0.30753968253968256 0.4895745113972695 -1.0 -1.0 -0.5601638676658753 
0.3968253968253968 0.5288709570467472 -1.0 -1.0 -0.6389423851668835 
0.3055555555555556 0.5427253207603058 -1.0 -1.0 -0.6324281735079629 
0.3353174603174603 0.5245087372480765 -1.0 -1.0 -0.6238238342414947 
0.30158730158730157 0.506995329731389 -1.0 -1.0 -0.5904373608921704 
0.3353174603174603 0.47704859615783013 -1.0 -1.0 -0.5371671597633136 
0.30357142857142855 0.4985702614379085 -1.0 -1.0 -0.5729166666666666 
0.2916666666666667 0.5156030825206211 -1.0 -1.0 -0.5836018617866802 
0.3194444444444444 0.5212286279438445 -1.0 -1.0 -0.6103300944618557 
0.29563492063492064 0.5154565834759066 -1.0 -1.0 -0.5991541887289725 
0.31547619047619047 0.5349455078442892 -1.0 -1.0 -0.6069775615473213 
0.3472222222222222 0.49052631565502713 -1.0 -1.0 -0.5959295577662331 
0.40476190476190477 0.47371406999288823 -1.0 -1.0 -0.5584464850378972 
