100001100000110100111101010011010010001101101001001111001010100111110100000000110110111100111000100001000000000001111010110001110011101101001000010101001001010110001011011101110111110010101011111111000110000100011100001011011100000101111000011100010111011101101011000111010001010001111111101010100100000100011101111111110111010001110001001001000111001111010100001100101010000110111110101010000000010010001010110010011001111110000011110011100100000110000011101111100010110111000111110111000010011000011100 
111011011011010111001100100111010001001101110001010110000011111110111100011001000100111111011010011100000010101100000011000010001011101101101100011001001011101011011100000111000100100111011100110101000000110010011101001110111001111101010111111100110010000001011000011100111001011011100111010111010001001001001101001001111000000010000000000101001101111100110111011000001000011000010001110010111000001011110010011010101010100101000000000010001011100011011000100000110010100010010011010011010110000000111010 
010000110010000111100100100110011011001110111110000111001110100100110100010000110011110000100000010110111100010100000001000111000110111100111001101011100010100011110100110100110001000011001011010011000000100011001001000011010000110001110100011100010111001001111000011101001000011110101110110010011001101011001000001111011011110000000001000000000011000111011100001000001000000001111001001110101010000000110111111000001011100110010000100000110110111110100011111100000010100011110000111100100100010000100000 
000101011111000101001001111100001111000000100011011110011001100010011100111001001000101100111000000011010000110000100001110100111110000101011101000011001111100000000000110000000011100010111001000110100101010101100001101101011001010010100000000100011110000100100101100111011100110111110110110111000010100111100100010011111011100001100010010000100010001101011111100101000111101101101011010111010101111111010110101101101101000011001100001110001011001101001100101011001000011011111111000110011000011110110111 
000001001010100001001010100000010101000101101011001101000010101001001001101000010111111111111110010110111000010010000000100000111101101100110101000011101100001110101001010001111110011011011111110111100000001101001001111110010011000111100001000100001010010101011100100011010110111001100100100011010101000010100101001000011010101001000000010100001001010100100000101111110001010000101101011001011010101101101010111010001011110100010100000001001010000000100111100100111011100001110010110011011100100100110010 
000011011011000010001100100111010001001100101001000101010110101100111000010000100001111011011010010100000110100100010110000010001110001100100100001101100111101010011100110101010100000001010011110000100000110001001101000010010010110100010001001100010011011101011000001011000010010100000110010010010101101010101100101000111011100000000001000000100011111101101001001010101010111001011001000010001010000111101010011100011010100100010000100010110010100101010001101100010010000101010011111100000100000100100010 
001110011001110001001010111000010001010101110010001100000010001011011001101000010110111111001110001101000010100100000000100001101111101000000111010001001101001110011101010010000101010010011100010101100000011000010101101011010000100001000001001110101000100001111100000111110101101011100111100111000101011000010100101001011000101010010000011000000001010001100110101000011001010001111001011001001001001000111010011110011010110111001000010111001010000010111011100100111010111011100010010110011100000100101010 
010001010010000000101100110000000011001101100010011101011011100000111100010000010001101000001010001100000000101010100000000001000000110100100100001001100100011000000000100000010100000011011111110100010000100100101001000010101000010000110000010100101011010001000000000110010100011110000110001011011001000000100100101001011011000000000001010010100101000001100100101011000000000000101000010110011010001001011010011110011110100110000000000100010110100000000001110100100010100000110000100110011100000000100100 
000001010011010001001110110100000001000110100010001101010011100100100100010000010001011100111000001100010000011000100100000011001010010100101101001001100001110000001000011000110001000011011010110000110000110100001001001000000000111000000000010100100111011000001000011110101100001101100100001111011011000000100100101001011011010000000000000010100101000101001000101001001010000000111000011000111000001001001110011010001010001011100000100000010110100000001011110100000011100011110011011000010110000100101110 
010001011010000011000100110000001011001110100010001101010011100110111100010100010000111000011000001100001000101000100000000001000010110100000000001000100000010000000000100000110001000011011101110000010000000100111001000010100100110000100000010000100011010001001000010010010100011110000110001011011101001000100100101001011111000000000001010010100001000001001000001001000000000001101000000010011000001001001110011100001110000011000000000000010110100010000001110100101010000011110010110110011100000100100100 
000011011001000011001100100010010001000100000010000101000011101000100110011000100001111001111010011100011000011010000000000001001011000001101000001001100100110000000001001010111100010011011010110000110000001111011001001111110000110000100000010100101111010011100000010010100110011110000110101111011011010000001100100001001110100001010000010110100101000001000000101001000100010001101100010110111000000000101110011100101110101111001000000100010110100000011011110100000011100010110011111011010010100100101100 
100001010010010101000110110000010101001101100010001111000011101110001000010000010111011111110100000110011000100010100100000010101011010100001001011001101100100110100000000000010001010001011111110000100000000101001101101011010000110100110101011110000011011001000000010110011100011110100101101011011101000011100100100001011010101000010001010010000111010101100100101001100000000001101001010011111010000000101010111000001011100000000000100010001010001000010001101100101010100101110010010010010100000000110100 
000001011000010010000100110000000011000110000010010101000011110110100100010000010001101000011010011100001000101010000000000001010000010100101011000001100100110000010000110100010000000000001000110100000000000100011001001010000000010111110100011010100011001011100100100011110100011010100101011111001011000000000100101001011010000000000000010010100001000000000000001001010100000000101001000000011000001001011011011110010010111110001000000100010110110000001000110100101000110100010010001000011000001100111100 
100001011010000010001100011110010001000100100001000101011011101100101100011000110001111010011010011100000100000100100000000100010110010100100000001101000101001000000100110000110101000001010110110100110000110000001000000010010000010000000001011100000001010001100000001011010100011100000100011010001111000010000000100000011111000000000001000100100011001101001000101100000000001001001001000110001010001001101010011111001010100100000000000100110010100010000001100100111010100000010010010110011110000000101100 
000010011000010010000100110010001001001110100010010100001010101010111100011000010000111100000010001100000000100110100000100001010010111100101010001000000001110000010000000000011101000001011101110101000000010000011000100010010000010101000000011100100011110010000100100111010110011111100110011111000011000000000100101011011010000000010001010000000001010001000110001000000000000001101001001010010000001000111010011000000010000110000000000100010110100010011011100100110010110011010010010010010010001100101000 
100001011000010101000000110000010001010111100010011111000011101010111000010000010100101000010100000100001000100110100100100010111011001100100011010001000100010000100001010110010001010000011111110101000000000101011101101011010000110101110100011110000111100001100000100011110110111111100101101111000011001000000100101011011010001000010000010000000001010101100110101000001000010000101001010000011010001001011010111010010010110110001000000000010100101010001001110100101000110101010010001000011000001000111010 
100000010000010000000100100000001001001101100010001101000001100100000100010000010011101000001010001110101000000010100101000001000000000100101011001001101000010100100000100100010001000001011100110100010001100101011001000010001000110010010000010100000001011001000000101110101100011011100111011011001011000000000000101001011011100000000001000010100001010011100000101000000000000000100101010110111010001001001010011000001110001001000000000000010110100110000000100100001010100011110100011010011100000000101100 
000000011010010010100110100000000011001110000010001101001011100100110100010000010001001000000010001100011000101000100110000001000010001100100100101000100000100000000000100000110001000001011011110100010001000100001001100010000000110000000000010100100011000000000000010010001100011110000100011011011111000000100000101001011010000000010001000010100101000011000000001000000000000000101100100110111010001001001010011100011010000011010000000100110110100000000001110100101000100011110010010010011100000000101000 
010000011000000000101100000000010011001100100010010101011001100100100100010000010001101000001010001100100000001010100001000101000010100100100000001001100000000000000000000000010101000011011101110110010000100100011001000010001000110000000000010010100011000011000000000110000100011110000100011110001011000000000100101001011011000000000001000010100001000010001000001000000100000000100000000110011010001001001010011010000110000100010000000000010110100010001000110100111010100110110110100110011110000000101100 
010001011010000000101100000000010011001100000010000101011001100100100100010000010001101000001010001100100000001000100001000101000010000100100000001000100000100000000000101000010001000011011001110100010000000100011001000010000000110000000000010000100011000001000000000110001100011110000100011111011001000000100100101001011011000000000001000010100101010000001000001000000000000000100100000110011010001001001010011010010110000000010000000000010110100010000000110100111010100010110010000010010110000000101100 
000001011000000000001100000000000011001100000010001101011011100100110100010000010001101000001000001100000000001000100100000001000010010100100001001001100000101000000000101000010000000001011000110100010000000100011001000010001000110000000000010000100011000001000000000110000100011010000100011111001001000000100100101001011011000000000000010010100101000000001000001000010000000000100100000110011000001001001010011100011110001010010000000000010110100000001001100100111000100010110010010010010110000000101100 
000001011000000000101100000000000011001100000010001101011011100100110100010000010001101000001000001100100000001000100000000001000010000100100000001001100000100000000000000000010000000001011000110110010000000100011001000010001000110000000000010000100011000001000000000110000100011010000100011111001001000000000100101001011011000000000000010010100101000010001000001000010000000000100100000110011010001001001010011110000110001000010000000000010110100000001000110100111000100110110110000110010110000000101100 
000001011010000000101100000000010011001100000010001101011001100100100100010000010001101000001000001100100000001000100001000101000010000100100000001000100000100000000000100000010000000011011000110100010000000100011001000010000000110000000000010000100011000001000000000110000100011110000100011111011001000000100100101001011011000000000001000010100101010000001000001000000000000000100100000110011010001001001010011010010110000000010000000000010110100010000000110100111010100010110010000010010110000000101100 
000001010010000000001100110000000001001100100010001101011011100100110100010000010001101000101000001100000000011000100100000001000010000100101100001001100001110000001000010000110000000011011010110100010000000100011001000010000000110000000000010000100011000001000000011110100100001010000100001111001001000000100100101001011011000000000000000010100101000001001000001001011000000000111100000000011000001001001010011010000010001001110000100000010110100000001010110100011000100111110010001000010110000000101110 
000001010110000100001100110000000001001100100010011111011001100000010100010001010001101100111000000010000000011000100101010001001110000100101101000001000011110000001000110000000000100010011011000100110001000101011001100111001000010000000000010100011111000100000001001110010100000111100100000111001011100111100100111011111011100001100010000000100111001101001000001101011101100000101110010001011101101111001110101010101010000001111000000000011010101001001100101000001000111111110111000110010010001000100110 
010000011000000000100100000010000011001110000010000101011011100100101100010000010000101000000000000100001000001000100000000101000010010100100000001000100001100000000000100000010000000011011001110101010000010000001000000010000000110000000000011100100011010001000100000110011100011110000110001011001011000000100100101011011010000000000000000010100001010000001110001000000100000000101101000110010010001000001010011100010010000000010000000000010110100010001000110100110000110010010010000010010000001000101100 
000001101000000100000110010000000111001101100000001111011011100110110100010000010001111111000100001100001000000000010100000001100010000100001001001001101000111000001000100100010000000001011010110110010000000100011100101010001100100001100100011000110011011001000001000110000001011010110110001111011101010000110100101001011011001000000000010000100111000101101000101101111010000010100000000111011000011001001010011010011101010110000000100000000110000010001011101101101010100111100011010011010110001000111100 
000000011000000000100100000000010111001110000010000101011011100100100100010000010001101000000010000100001000001000100000000101000010000100100000001001100000100000000000100000110100000011011000110100010000000100001001000010001000010010000000010100100001000001000000000110011100011110000110001010011011000000100100101001011011000000000000000010100101010000000000001001000100000000101100100110011010001001001010011100010010000000010000000100010110100010000000111100011000100010110010010010011100000000101100 
100001011010010000000100010010000111001100100010001101011011100100110000010000010001001100100000001100010000101000100100000001000010010100101001001001100000101000000000011000010000000001011010110000010000000101011001000010011010110000100000010000100011000001000000000110001100001010000100011111001011000000100000000001011011000000000001010010100101000001001100001000110000000000100100110100011010001001001010011100001110001000000000000010010110100000010001110100000010100001010010010010010100001000101100 
010001011000000000101100000000000011001100000010001101011011100100110100010000010001101000000000000100101000001000100000000101000010000100100000001000100000100000000000100000010000000011011000110100010000000100011001000010001000010000000000010000100001000001000000000110010100011110000100001010011001000000000100101001011011000000000000000010100101010000000000001000000000000000100100100110011010001001001010011010010110000000010000000100010110100010000000110100111000100010110010000010011110000000101100 
000001011000000000001100000010000111001100000010001101011011100100110100010000010001101000100000001100010000001000100100000001000010000100101000001001100000101000000000010000010000000001011010110000010000000101011001000010011000110000100000010000100011000001000000000110000100011010000100011111001011000000000100000001011011000000000000010010100101000011001000001000010000000000100100010110011010001001001010011100000110001000000000000000010110100000000000110100000000100110110010000110010110000000101100 
010001011010000000101100000000000011001100000010001101011001100100110100010000010001101000001010001100100000001000100001000101000010000100100000001000100000100000000000000000010000000011011001110100010000000100011001000010000000110000000000010000100011000001000000000110001100011110000100011111011001000000100100101001011011000000000001000010100101010000001000001000000000000000100100000110011010001001001010011010010110000000010000000000010110100010001000110100111010100010110010000010010110000000101100 
010000011000000001101100000000000011001100000010001101011011100100110100010000010001101000001010001100100000001010100001000101001010000100100000001000100000100000000000000000110100000011011101110100010000100100011001000010001000110000000000010010100011010001000000000110001100011110000100011110011111000000100100101001011010000000000001000010100001010010000000001010000100000000100100010110011010001001001010011100001110001000000000000000010110100010001000110100111010100000110010000110010110000000101100 
000000011001000010001100100011010001001100100011000101011000101100101100011000110000101011011010001100000100100100110000000100000010001100100000001101100100101010010100110101010101000001010110110010110000110000001001000010001000110000010000010000100011011101001000000011000110011100000100011010000101000010000100101001011111000000000001000000100011000010001001001010000010100001100001000110001010001101001010011100001010100100000000100110010010100010011000101100011010100100110010100100000100000000101010 
