010011010000010000000000000101010110100100110000001000100110010001101111001000000000110001010111011000110001000100111111110101111100101010000111110000011000001100110000001000010100011001000000110000101111000100111000111010110010000000011101010010000000010110100000101000111111110010100001100000111101000111011010100001010101110001011011010100010000110010011010100100010001001111010000110010000011111111100100111101000101000010011100000111000110100111001100101010111101101100001101010001000110010110011110 
010011100000010011110100000001001110100100101100101000010110010010011011000100010001011010110001001100101010000000010000100101000000001111000011110010011010011000111000010101110101011110111000100100001001000000000010111100010011000010001001001010001000011100010001110000100100100001100001010010110111100001001010101001000110000001011111010100000000110000111111110100011001011100111100011100111101110110101100011101000000100000010100000000000110100001111000001001111110010100001011000011001110101110011011 
000001111100010010110110001000100110111010100100100010000010111100111111000000000000010000100111010100010011001111101011110001110000001101001011110001001010100100111000101000000000001001001000110000111100100000100010111010010001000010000101001110000000011111100000000000101100100100101111100011100101001000001010001001100101010001011001110001000010101010001010010001000101000000000000001001000110110110000000111001110100000000101101000010000100000001111110101111100000101100101100001000000111000110111000 
100011000000000001000100101011000110000101101100101010000110111000001100001101100010000000000101000000010010100111000000110001110000101100001010110000001100101000000000110011000000001000001000100010001010001011000011111111010000000000000101100110000000000011100000001001001100110100001101110101100100000100000011000001010001000001011011110110000000100010110010100000010100000111100001000001000101000100001100110101110100100000011101010010010101110111111001000010111100101000101100001000011110000000011000 
100011111000010010110110100001100110101110111100100010000010010100111011010101110000010000010111011000010001001111101001010011000000101011001011110100011010100100010000101001000100001001010000001010010011000000000010111101010001000010000001000010000000000110100000100001001100100000100111100110100101000110001010000001000101110001011111110001000010001010000010110001000101000000000000000001000100110010001100101001010111100010111101010000000100000101001011101111100000100000101100110000000110000100111101 
100001100000000011000100000101000110001110101000001010101010110000011010000001110000000000000011000000110000001111000000110010100000101011001011110000101010100000010000000001100001001001011110000110000000000011100011100110010101000100010101000110000000000100000000100001001100000000000001110000100101000000101000100000010000010011001000110000010001100010000010100101010001000000000101000000110100100001001100111001010100000000010101100000000100000010100111011011100000000100011100110100100110001010011100 
100011110000100001110100000101000110000110100000100010000010110101011000000100000000000000000001011000011001100011101110110000110000000010011010110001001000100000010000001001000100001001011110000010000000000000000110111010010001000100001101010010000000010100000000101001001110100000101101110010100101000000000000100001110110010110001010010010000000001010001010101101010001000000000001011001000100100111011100011101010001010000101100000000000100000010111100001011100000100110001100011100100110000000010000 
100001100000000011000100000101000110001010101000000010000010110000111000100001000100000000000001001000110010000010001011110000100000000011000010010001001000101000110000000001000000001000011100100010001000000011001010000000010001000100010101000010000000000000100000100001101100100000001001100101101101000000010000000000010010010011001001110000000000000110010110110001010000000010000101001000000110000110001100111101010101010000000100100000000100000011011001000011100100101100001000101010000110000000011000 
110001110100010001100110001001110110000110100000000010101110010000001010000101110000001011000111001000111000100011000101110100101110000010001010010000001000000000010000011001000101001001001101010000000010000010011011101010010010000000011001000010000000000111100000101001101100100000001001110101100101000000001010000001010001100010001110010110010000010110011010100001010001100011100000111000000011000110101100111101010000000100011100110000000100010010111100101010100100100000001100011000001110000000111010 
100001100000000011000100000101000110001010100000000010001010111000111010000001010000000000000001000000110000001000000001110000100000100011001010110001001010100000010000100001000001001000011010000010100000000011100010100101010001000100010101001010000000000100000000000001001100100000001001100100100101000000011000000000010000010011001000110000000000000010010110100101010000000000000101010000000100100011001100111101010100000000000101100000000100000011000101001011100100100100011100110000000110000000011100 
100011010000010001110100000001000110000100100000100010001010110100011000000000010000001010000001001000111001001011101110110000100010000011011010110001001011100000010000000001100001001001011110000010000000000000000110101110010001000000001101010010000000010100000000101001001110000000101001100011100101000001000000100001010110010010001000110010000000101010011110101101010001000000000101001001000100100111011100011101010000010000000100000000000100100011110101001011100000100100001100100100100110000000010010 
100001000000000011100100000101000110000010100000000010001010110000111010000001010000000000000001000000110000001000000001110000100000100011001010110001001010100000110000100001000001001000011010000010100000000011100010100101010001000100010101001010000000000100000000001001001100100000001001100100110101000000001000100000010100010011001000110000000000000010010110100101010000000000000101010001000100100001001100111101010000000000000101110000000100000011000101001011100100100100011100110000100110000000011100 
100001110000000011000100000001000110001010101000000010001010110000111011000001000000000010000001001000110000001110101001110000110000110001001010110001001000100000011000000001000001011001001110000010100000000010000010100100010110000100000101001010000000000111000000101001001100100000001001000100110101001000011010000000010010000011001010110000000000000110000010100101010000000000000101001000000110000110001100111001110100000100000100000010000110010011001000001011100000100000011100111000001110000000011100 
100001100000000001110100000001000110001100100000000010000010110100011000000000010000001000000001001000110000001011001011110000100010000011001010010001001011100000010000000001000000001001011100000010000000000000000110001000010001000100000101010010000000000100000000100001101110000000001001100001101101000000010000100000010010010011001001110010000000100110010110110101010001000010000101001001000110100111011100111101010101010000000100100000000100100011111001000011100000101100001100101000000110000000011010 
100001000000000010001100000101000110000010100000100010000010111000111000100001010000000000000001001010110010000010001011110000100000000011001010010001001010100000110000100001000100001000011100100010101000110011101010000111010011000100000101001010000000000000000000100001101100100000001001100101101101000000010010000001000010010001001001110000000000000110010010100001010000000010000101011000000110110110001100111101010101000000000100100000000100000011000001000011100100100010011000011010000110000000011100 
100001100100000010100100001101000110000000100000000010001010111001111010000001010000000000000001000000110000001000000001110000100000100011001010110001001010100000010000100001000001001000011010000010100000100010100010100101010001000100000101011010000000000100000000000001001100100000001001000101110101000000001000000000010000010011001000110000000000000010010110100101010000000000000101000000000100100011001100111101010000000000000101100000000100000011000101001001100100100100011100110100100110000000011100 
100001000000000011100100000101000110000010100000000010000010110000111010000001000100000000000001001000110000001001000011110000100000100011011010010001001010100000010000000001000001001001011110000010001000000011000010100000010001000100010001011010000000000100000000001001001100000000001001100110111101000001010000100000010010010011001000110000000000000010010110110101010000000000000101010001000100100101001100111101010000010000000100010000000100000010000101001011100100100100001000110000000110000000010000 
100001000000000011101100000101000110000010100000000010001010111000111010000001010000000000000001001000110000001011001011110000100000100011010010010001001010100000011000000001000001001001011110000010100000000010000010100100010001000100010001011010000000000100000000001001001100000000001001000101111101000001010000000001010010010011001000110000000000000010010110100101010000000000100101010001000100100100001100111101010100010000000101000000000100000010000101001011100100100100001100000000000110000000010100 
000001000000000010000100000101000110000010100000000010000010010001111000100000000000000000000001001000110000000000000001110000100000000011000010010001001000100000010000000001000001001000011100100010100000000001000010000000010001000100010001000010000000000000100000100001001100100000001001010101111101000000011000100000000010010011001000110000000000000110010110100001010000000000000101000000000100000100001100111101010001000000000101100000000100000011011011001011100100100100001100100010000110000000011100 
000001000100000011100100000101000110000010100000000010011010110001111000000000000000000000000001001000110000001010000001110000100000000011000010010001001010100000010000000001010001001000011110100010001000000000000010000000010001000100010001000010000000000000000000100000101100000000001001100101110101000000011000100000000000010011001001110000000000101110010110011001010000000010000101001000000110000010001100111101010000000000000101100000000100000011110101001011100000100100001000101010000110000000010110 
100001000000000010000100001101000110000000100000000010001010111001111000100001000000000000000001000000110000000000000011110000100000000011000010110001001010100000010000100001000000001001011010000010100000000010100010000100010001000100000101001010000000000100000000000001001100100000001001000101110101000001011000000000010010010011001000110000000000000010010110100001010000000000000101000000000000000000001100111101010001000000000100100000000100000011000001001001100100100100011100110100100110000000011100 
100001110100000001100110000001010110000110100000000010100010010001001000000101100000000000000101011000111001100011100101110100100000000010001010110000001000000000010000001001000100001001011111000000000000000000010011101010010000000000001101010010000000000110100000101001001110100000101101110100100101000000001010000001110111100010001010010110010000011110011010101001010001000000100000011001000100100111111100111101010001010100111100010000000100000010111100001010100000100110001100011100000110000000110000 
110011000000010011000100001101000110000010100000100010011010111001011010000001010000001010100001001000110000001011000001110000100000100011001010010001001011100000110000000001100001001000011110000010000000000001000010100100010001000000010101011010000000010100000000001000001100000000001001100110110101000000011000100000010110010011001000110000000000100010010110100101010000000000000101000001100100100011001100111101010100000000000100010000000100100011110101001001100100100100001100100100000110000000011110 
110001000100000011100110001101000110000010100000000010001010111001111000000001010000000010000011000000110000001010000001110000100000101011001010110001001010100000010000100001000001001001011100000110100000000010000011000000010001000100010101000010000000100000000000000001101100000000001101010100100101000000000000100001010001010011001000110000000000000010000010100101010000000010100101000000010100100010000100111101010001000000000100000000000100000011001101001011100000100000011100010010000110000000011000 
100011000000010011000100000101000110000010100000100010011010111001111010000001010000000000000001000000110000001011000001110000100000100011001010010001001011100000110000100001100001001000011110000010100000000011000010100101010001000100010101001010000000010100000000001000001100000000001001100100110101000000011000100000010100010011001000110000000000100010010110100101010000000000000101000001000100100001001100111101010100000000000100010000000100100011000101001011100100100100001100100100000110000000011110 
100001000000000011100100000101000110000010100000000010011010110001111000100001000000000000000001001000110000000010001001110000100000000011000010010001001010100000010000000001010000001000011000100010101000000010000010000100010001000100010101000010000000000000100000000001001100100000001001000101110101000001011000100000010010010011001001110000000000001010010110110001010000000010000101001000000110000010001100111101010001000000000101000000000100000011100001001011100000101100001000110010000110000000010000 
100001100000000010100100000101000110000010100000000010001010110001111000100001000000000000000001001000110000100011101001110000100000100010001010010001001010100000110000100001000000001001011100000010100000100010100010100110010001000100000101000010000000000100000000100001101110100000101101100001101101000001000000000001010110010010001001110010000000000010000010100001010000000010000101001000000100100101001100111101010101000000101100000000000100000011001001001011100100100000011100010100100110000000010000 
100001000000000001010100000101000110001100101000000010001010110000111000000000010000001000000001001000110011001010101110110000100000000011011010010001001000101000110000000001000001001001011100100010001000000010001110101110010001000100000101010010000000010100000000100001001100000000101001100111100101000001000000000000010110010011001001110000000000100010010110101001010000000010000101001000000110100110011100011101010000010000000100000000000100000011010001000011100000101100001000101100100110000000010000 
100001000100000010100100001101000110001010100000000010001010110001111010100001010000000000000001000000110000001010000001110000100000100011000010010001001010100000110000100001000001001000011100000010100000000010000010100101010001000100000101011010000000000000000000000001001100100000001001100101100101000000001000000000010010010011001000110000000000000010010110100101010000000000000101000000000100000110001100111101010001000000000101100000000100000011000001001011100100100100011100110100100110000000011100 
000001000000000010000100000101000110000010100000000010000010010001111010100000010000000000000001001000110000001000000001110000100000100011000010010001001010100000011000000001000001001001011110100010100000000000000010000000010001000100010001011010000000000100000000101001001100000000001001000101111101000001010000000001000010010011001000110000000000000010010110100001010000000000100101010000000100000100001100111101010000010000000101100000000100000011010011001011100100100100001100000010000110000000011100 
100001000000000001000100000101000110000000100000001010000110010001101100001001110010000000000001000000010010000001000001110001100000001110000010110000001100101000010000100001000001001001011000000010100000100010000010110100010001000000010101001110000000000101000000000001001100100100001001110101100100000000001001000001010011000001011000110000000000100010010010100000010000000100100101000000000001000100001100110101110101000000000101010010000101010011001000001010110100100000011100000000001110000000011000 
100001100000000011100100000101000110001010100000000010001010110001111000100001000000000000000001001000110000100011001001110000100000100010001010010001001010101000110000100001010000001000011100000010101000100010100010000100010001000100000001000010000000000000100000000001101110100000101101100101100101000001011000100001010010010011001001110000000000000010010010110001010000000010000101001000000110000111001100111101010100000000000100000000000100000011011001001011100000101000001100110000000110000000011000 
000001000100000011000100000101000110000010100000000010001010110000111000100001010000000000000001000000110010000000000001110000100010000011000011010001001000101000010000000001000001001001011000000010001000000010100010100000010001000100010101001010000000000100000000000001001100000000001001010101110101000101011000000000010010010011001000110000000000000010010010100001010000000010100101000000000110100100001100111101010100000000000101100000000100000011001011001011100100100100001100100000000110000000010000 
100001000000000010100100000101000110001010100000000010001010110000111000100001010000000000000001001000110010000010001001110000100000100011000011010001001010101000010000100001000001001001011100000010001000100010101010000100010001000100000101001010000000000100000000100001101100100000001001000101110101000001011000000000010010010011001001110000000000000010010110100001010000000010000101001000000110110110001100111101010100000000000100000000000100000011001001001011100100100100001100110000000110000000010000 
100001000000010011000100000101000110000010100000000010011010110001111000100001010000000000000001000000110000001001000011110000100000100011000010010001001010100000110000100001000001001001011000000010100000000010000010100101010001000100010101001010000000000100000000001001001100000000001001110100110101000001001000100000010100010011001000110000000000100010010110100101010000000000000101000001000000100100001100111101010000000000000100000000000100000011000011001011100100100100001100110000100110000000011100 
100011010000000001110100000001000110000000101000000010001010110100111000000001000000000010000001001000110001001010101100110000100010010001001010110001001001100000010000000001000001001001001110000010100000000000000010101100010100000000000101001010000000000111000000101001001100100000001001100100110101001001010000000001010110010011001010110010000000000010010010100101010001000000000101001001000110100111011100111001010000000100000100000010000100100011010001001011100000100000001100101100101110000000010010 
100001000000010001100100000101000110000110100000100010001010110001111000100000000000000000000001011000010000101011101110110000100000100010000010110001001010100000010000001001000001001001011100000010000000000000000010100110010001000100001101000010000000000100000000001001001110100000001101110110100101000000001000100000010100010010001010010010000000101010011110100101010001000000000001000001000100100110001100111101010001010000101100000000000100000011111000001011100000100100001100111100100110000000010100 
000001000100000010100100000101000110000010100000000010001010110001111000100000000000000000000001001000110000000010000001110000100010000011000010010001001000100000010000000001000001001000011010000010000000000010000010000100010001000100010001001010000000000000000000100001101100000000001001100101100101000000010000100000010010010011001001110000000000000110010010110001010000000000000101001000000110000110001100111101010000000000000101000000000100000011111001001011100000100100001000100010000110000000010000 
000001000000000010000100000101000110000010100000000010011010110001111000100001010000000000000001000000110000001000000011110000100000000011000010010001001000100000110000000001000001001001011000000010101000100010000010000100010001000100010101000010000000000100000000000001001100000000001001010101110101000001011000000000010010010011001000110000000000000010010110111001010000000000000101000000000010000000001100111101010001010000000101000000000100000011001001001011100000100100011100110000100110000000011000 
100001000000000011100100000001000110001100100000000010011010110000111000000000010000000000000001001000110000001011001011110000100000000011000010010001001001101000010000000001000000001000011100100010000000000010000110000000010001000100000001011010000000000100100000100000101110100000001001100101111101000000010000100000010010010011001001110010000000000010010110110001010000000010000101000001000110100101011100111101010101010000000100100000000100100011011001001011100000101100001100100000000110000000011110 
000001000100000011000100000101000110000010100000000010011010110000111000100001000000000000000001000000110010000000000001110000100010000011000010010001001000101000010000000001000001001000011000000010001000000010100010000000010001000100010001001010000000000000000000000000001100000000001001000101110101000000010000100000010010010011001000110000000000000010010010110001010000000000100101000000000110100100001100111101010000000000000101100000000100000011011011001011100000100100001000100000000110000000010100 
100011110100000010100100000001000110101000110000000010000010010100111010000001110000010000000011011000110000001101001001010011000000100011001010110101011010100000010000100001000001001000010010000010100000100000000010110101010001000110000001010010000000000110100000000001001100100000100111000110110101000010001000000000010101010001011111110001000010000010010010110101000101000000000000000001000100100010001100101001010010100010011101100000000100000011001001001111100100100100101100110000000110000000011101 
100001000000010001100100001101000110000100100000100010001010111001111000100001000000000000000001011000110000101001000011110000100000100010000010110001001010100000010000100001000001001001011010000010000000000000100010000110010001000100000101000010000000000100000000001001001100100000001001100100100101000001001000000000010000010011001010110000000000100010011110100001010000000000000001000000000100100000001100111101010001000000001100000000000100000011101000001001100100100100011100111100100110000000011100 
000001000000010011000100000101000110000010100000000010001010010001111010100001010000000000000001001000110000001000000011110000100000100011000010010001001010100000110000100001000001001001011000100010100000000000000010100101010001000100010001001010000000000100000000101001001100000000001001110100111101000001001000000001010000010011001000110000000000100010010110100101010000000000000101010000000000000100001100111101010000000000000101000000000100000011010011001011100100100100001100000000000110000000011100 
100001000000000011101100000101000110001010100000000010001010110000111000000001000000000000000001001000110000100011001011110000100000100011001010010001001010100000110000100001000000001001011110000010101000100011100010000100010001000100010001000010000000000100000000001001001110100000001001100100100101000001010000100001010010010011001001110000000000100010010110100001010000000010000101001000000100000001001100111101010100000000000100000000000100000011010101001011100100101000001100100000000110000000011100 
000001000100000011100100000101000110000010100000000010011010110000111000100000000000000000000001000000110000000010000001110000100010000011000010010001001000100000010000000001000001001001011000000010001000000010100010100000010001000100010101001010000000000100000000000001001100000000001001110101110101000001011000100000010010010011001000110000000000000010010010100001010000000010000101000000000110000100001100111101010000000000000101100000000100000011001001001011100100100100001100100000000110000000010000 
000001000000000010000100000101000110000010100000000010000010010001111000100001000000000000000001000000110000000000000011110000100000000011000010110001001000100000010000000001000000001000011110100010100000000000100010000000010001000100000001001010000000000000000000100001001100100000001001000101110101000001011000000000000010010011001000110000000000000010010110100001010000000000000101000000000000000000001100111101010001000000000101100000000100000011011011001001100100100100001100100000100110000000011100 
000001000100000000110100000101000110000000100000000010001010110001111000100000000000000000000001001000110011000010100111110000100000000011011010010001001000100000110000000001000001001000011000000010000000000010001110001100010001000100010001010010000000000100000000100001001100000000001001100101100101000001010000100000010110010011001001110000000000000110010110100001010000000000000101001000000110100110011100011101010000010000000101000000000100000011011001000011100000101100001000100100100110000000010000 
000001000100000011000100000101000110000010100000000010010010010001111000100001000000000000000001001000110000000000000001110000100010000011000010010001001000100000010000000001000001001000011000100010001000000011100010000000010001000100010001000010000000000000000000100001001100000000001001000101110101000000011000100000000010010011001000110000000000000110010010110001010000000000000101000000000100100100001100111101010001000000000101100000000100000011011011001011100100100100001100100000000110000000011100 
